.Random.seed <-
c(403L, 371L, 1012511279L, -811146790L, -1192432709L, -1106336936L, 
119256823L, 907536503L, 135196978L, 643599937L, -1183392721L, 
1036926666L, -626814820L, 470574214L, -1516933617L, 1602114293L, 
993089316L, 38021678L, -201660465L, -1211771692L, 1318512900L, 
-1773956746L, -755580201L, -1715273595L, 1326490327L, -1130320273L, 
-1333119457L, 632738002L, 263321040L, 1035952181L, 298309167L, 
-1876903152L, 85374815L, 1343305880L, 1874190199L, -1339656204L, 
-2018138790L, 825860828L, 989679789L, -1685111319L, 1236175967L, 
803675652L, 1628611106L, -1581067382L, 1318261828L, 1724742955L, 
1475339306L, -1176567120L, 1882819677L, 1381833854L, 467057426L, 
-1200649520L, 1707078379L, 247930487L, -953368334L, 2033340725L, 
-311088355L, -46265244L, 489808918L, 1344120716L, 1864717426L, 
-1314203228L, 1570742703L, 463360599L, 1522325032L, -1835375050L, 
1577033992L, -1467326353L, 615272551L, -1251823835L, -192446709L, 
-1171319434L, -528549657L, 1072243230L, -2109654272L, 1336700836L, 
-601642937L, 1208787868L, 646954948L, 805307481L, -848575937L, 
-1603007963L, -998455198L, -1603416739L, 750547527L, -773249525L, 
1824484422L, -101864375L, -111298235L, -230795144L, 1006384877L, 
1415870366L, 1775801722L, 236326269L, 1919144924L, -399730566L, 
1409802478L, 2129931475L, 145168067L, 535109189L, -201426211L, 
-1229076989L, 1091195618L, 1010175720L, 1130799957L, -56143988L, 
-1982431061L, 645217280L, -499780544L, 1703698639L, 1513401828L, 
2129835756L, 1753388679L, 1581174319L, -1334221863L, -1390283577L, 
1608703922L, 1737647489L, -20235784L, 435007282L, -1585238161L, 
-6798313L, -1691334218L, -1549095389L, 352741026L, 1233125399L, 
-566759586L, -562558736L, 1103806498L, 1531730985L, -784476623L, 
1551710449L, 1350992173L, 2061786734L, -829102998L, -1604493806L, 
-1558461598L, -2122689550L, -1315686519L, 1687808038L, -362501916L, 
-1905221532L, -1210730159L, -1641785731L, 1968100133L, -430466542L, 
1488606726L, -1781374228L, 2098432544L, -803864553L, -179433862L, 
-480202840L, 1055870563L, 866517055L, -505414093L, 1977733985L, 
-428046549L, -1575926176L, -1326313678L, -922067596L, 531552424L, 
-693730048L, 220040899L, 1064092210L, -2052196117L, -1414248075L, 
766004530L, 1481913336L, -182492908L, -871001795L, 1642612826L, 
-437320618L, 964780710L, 1676246090L, 417107177L, 1949026923L, 
-1516133003L, 935284838L, -67445321L, 1681806795L, -1060542510L, 
1861791446L, -1340201676L, 2061588680L, -1960117930L, 41948849L, 
-425975759L, 1611078690L, 1348023195L, 1258540715L, 159632685L, 
-1473431436L, 493652886L, 454441712L, -1372866909L, -295629389L, 
-41839211L, 494560198L, -1787688605L, -1298429158L, 1055179362L, 
652152126L, 1059087848L, -1355728419L, 1114162788L, 1223879275L, 
-955516334L, -758202192L, -883703824L, 1958848675L, -1391408128L, 
-1152483958L, 503144124L, 1608289523L, -1045684298L, -949771517L, 
-82466949L, 2061580777L, -775864970L, 246782392L, -1612467408L, 
-1008081034L, -1538132356L, -920409987L, 1378935551L, 356730150L, 
-1748651902L, 1402439188L, 1675206528L, 1717010245L, -918035797L, 
852727246L, -1818742312L, -1375747843L, 953573556L, -191249362L, 
67232680L, 1591239043L, 293708257L, -1691577635L, -1234190907L, 
1780794403L, 931068456L, -1339259161L, -1508564349L, 617339274L, 
566020640L, -989721138L, -1365476738L, 162786801L, -1257357472L, 
884899153L, -167271285L, -1176788127L, -314649834L, 1063749621L, 
1548863881L, 1341942060L, 105400977L, -524636283L, -15409359L, 
-31673038L, -1440069430L, 260165846L, -1260433127L, -1567049400L, 
1467224257L, 602108719L, -1925528043L, -1099823768L, -759003941L, 
539776450L, 1544732937L, -1264834105L, 286967570L, -554985538L, 
-589522243L, -263136306L, 135662387L, 2142312851L, 767725756L, 
-348907568L, -321461206L, -1032088237L, 1405883764L, -2012682637L, 
-1328172884L, -2037395082L, 696750541L, -2131939222L, 1656407892L, 
-666617994L, 609172975L, -1716858658L, -1595143033L, -1916351043L, 
51345847L, 221382423L, 1487271596L, -2021634836L, -1221891452L, 
592056854L, 434723451L, 264198628L, 1052515909L, 1802555984L, 
-1254153806L, 225928531L, 1585638449L, -1992046793L, -370745419L, 
2024230516L, 1526115643L, 2056051357L, -1070781962L, 365099194L, 
124417521L, 718370517L, -530329913L, -1201192447L, 1983672601L, 
-1001459867L, -2068541882L, -1021573172L, -1745480290L, 579812653L, 
-1579299797L, 2046556965L, 589441755L, -1861613462L, 2141417123L, 
-1832493049L, -1089108527L, -52524607L, 754967502L, -25073748L, 
1645715172L, -237618519L, 1569603198L, -115854929L, -1480654387L, 
1713560517L, -565608384L, -976326607L, 1427845227L, 43144728L, 
-1265892182L, -987612602L, 457197745L, -470621296L, -1930050119L, 
1697761585L, 832896343L, 1372102401L, -713882898L, 422102080L, 
-1263330873L, -1682880077L, 2091195667L, 78787547L, 1675785662L, 
-27744897L, 1590997594L, 1604564766L, 188920981L, -654504895L, 
-1676651554L, -1752470352L, 1617105618L, 158495671L, -1585930713L, 
-1213316367L, -138953726L, 1751751398L, -1160375888L, 1236276306L, 
-604189383L, 2031033148L, 1765520391L, 1805568375L, 1480555435L, 
-329160817L, 117840682L, 294544089L, -2026693973L, -545707914L, 
-1213952781L, 425394341L, -167369930L, 930084911L, 1810735271L, 
-220849920L, 2108445329L, 1422176327L, -219466289L, 2064297827L, 
-1376867997L, 1573481189L, -1691131594L, -1896183725L, 1113453626L, 
-824227750L, -469563642L, -1467091289L, -2003361687L, -307690081L, 
2061739725L, 2112857335L, -1649923138L, 1589469700L, -1375531763L, 
871468744L, 819794910L, -1941803188L, 1574107137L, -813165986L, 
-595239491L, 1863569793L, 1287162053L, 1171286139L, -798765058L, 
-309291053L, 1532567102L, 1689207528L, 539229001L, 488050327L, 
-1842043008L, -62973611L, -594097661L, 989435738L, 1696577098L, 
-1336093900L, -1173574820L, -845057499L, -568851238L, 1405130260L, 
-1594260867L, -932128282L, 1219718623L, -1461262894L, 905483566L, 
-2144740257L, 661990775L, -1972908626L, 140209718L, 1832979477L, 
-865923613L, -1373108727L, 1376195248L, 368988636L, -1656931843L, 
751860821L, -670471419L, -1133149357L, 578077773L, -386104051L, 
-908824657L, -1756674439L, -938365826L, 1693024930L, -368522698L, 
-357135843L, 366633404L, -944007078L, -768433550L, -824084311L, 
662555828L, 1603508070L, -1954558212L, -2138931847L, -79119529L, 
-1710452064L, -674934933L, -1884023515L, -248159950L, -1893364851L, 
-666805062L, -1889357413L, -971780476L, 1942795441L, 995487781L, 
-1995961263L, 271215453L, 2000185575L, 419503775L, 758824959L, 
1252471817L, -1980701364L, -1573517445L, 1820023578L, 1686245244L, 
-609514462L, 821290495L, 1475964731L, -218012408L, 45690587L, 
1930240970L, 603632719L, -1513834045L, 1994366376L, -1059502302L, 
482238613L, -1240507327L, -600483132L, -2127283180L, -1337706313L, 
143705175L, 1848008129L, 1547353825L, 1552119489L, -28624478L, 
967126802L, 2044131985L, -420722751L, -1264009197L, 805540810L, 
-158465157L, 2100693539L, 1481910407L, 595726176L, -198969308L, 
-1201613947L, -563132318L, 1530128441L, -1422575252L, -1177942027L, 
1781197438L, -79807886L, -1671042084L, -494598691L, -1231924854L, 
1969452271L, -74252386L, -636354342L, 1989931647L, 2146031038L, 
335802500L, 750966034L, -1029415891L, 1166748090L, -657664299L, 
-2060917110L, 1368415688L, 2066376547L, 2014450275L, 1404784098L, 
-252711328L, 1956334489L, -560072547L, -1578778497L, -1281393579L, 
481083732L, 1154292940L, -986375911L, 1126708664L, 1390134865L, 
-63869388L, 1680191957L, -1878747693L, 1465954588L, -1236860919L, 
1169850828L, 1435239798L, 460956586L, 665938517L, 15236361L, 
9807757L, -129906073L, -758372901L, 1266222030L, -1707537860L, 
11574188L, 1810971820L, 845605426L, -1211815309L, 2125376893L, 
-173743360L, 1469483061L, -96055559L, 59708281L, 1355209333L, 
1419597952L, -421988148L, -787017493L, -519236649L, -1813227883L, 
-1644411568L, -2087254766L, -129453722L, 1144477830L, -303671353L, 
1497080572L, 2035903300L, -344886566L, 1828392909L, -2131123405L, 
